11 0.596476 0.201549 0.117959 0.0127156 0.785744
14 0.905414 0.754533 0.102902 0.0132782 0.677107
4 0.510553 0.536392 0.887913 0.115323 0.582205
1 0.120719 0.157716 0.0681229 0.0114648 0.500423
12 0.57376 0.187451 0.0784065 0.0125608 0.444575
6 0.523755 0.839027 0.069284 0.0128405 0.440443
8 0.596907 0.825805 0.0308128 0.0109452 0.327509
7 0.932635 0.836771 0.0582736 0.0112289 0.276426
11 0.117063 0.145141 0.0598389 0.011188 0.270907
13 0.261049 0.336593 0.353135 0.0429973 0.255006
1 0.586498 0.214801 0.0983805 0.0123879 0.254028
